600 8
2 0
10 1
2 0
10 1
2 0
10 1
2 0
10 1
2 0
10 1
2 0
10 1
2 0
10 1
2 0
10 1
2 0
10 1
#
20 8
2 0
10 1
2 0
10 1
2 0
10 1
2 0
10 1
2 0
10 1
2 0
10 1
2 0
10 1
2 0
10 1
2 0
10 1
2 0
#
20 8
2 0
10 1
2 0
10 1
2 0
10 1
2 0
10 1
2 0
10 1
2 0
10 1
2 0
10 1
2 0
10 1
2 0
10 1
2 0
#
20 8
2 0
10 1
2 0
10 1
2 0
10 1
2 0
10 1
2 0
10 1
2 0
10 1
2 0
10 1
2 0
10 1
2 0
10 1
2 0
#
20 8
2 0
10 1
2 0
10 1
2 0
10 1
2 0
10 1
2 0
10 1
2 0
10 1
2 0
10 1
2 0
10 1
2 0
10 1
2 0
#
20 8
2 0
10 1
2 0
10 1
2 0
10 1
2 0
10 1
2 0
10 1
2 0
10 1
2 0
10 1
2 0
10 1
2 0
10 1
2 0
#
20 8
2 0
10 1
2 0
10 1
2 0
10 1
2 0
10 1
2 0
10 1
2 0
10 1
2 0
10 1
2 0
10 1
2 0
10 1
2 0
