600 8
7 16
10 17
7 16
10 17
7 16
10 17
7 16
10 17
7 16
10 17
7 16
10 17
7 16
10 17
7 16
10 17
7 16
10 17
#
20 8
7 16
10 17
7 16
10 17
7 16
10 17
7 16
10 17
7 16
10 17
7 16
10 17
7 16
10 17
7 16
10 17
7 16
10 17
7 16
#
20 8
7 16
10 17
7 16
10 17
7 16
10 17
7 16
10 17
7 16
10 17
7 16
10 17
7 16
10 17
7 16
10 17
7 16
10 17
7 16
#
20 8
7 16
10 17
7 16
10 17
7 16
10 17
7 16
10 17
7 16
10 17
7 16
10 17
7 16
10 17
7 16
10 17
7 16
10 17
7 16
#
20 8
7 16
10 17
7 16
10 17
7 16
10 17
7 16
10 17
7 16
10 17
7 16
10 17
7 16
10 17
7 16
10 17
7 16
10 17
7 16
#
20 8
7 16
10 17
7 16
10 17
7 16
10 17
7 16
10 17
7 16
10 17
7 16
10 17
7 16
10 17
7 16
10 17
7 16
10 17
7 16
#
20 8
7 16
10 17
7 16
10 17
7 16
10 17
7 16
10 17
7 16
10 17
7 16
10 17
7 16
10 17
7 16
10 17
7 16
10 17
7 16
7 16
10 17
7 16
10 17
7 16
10 17
7 16
10 17
7 16
10 17
7 16
10 17
7 16
10 17
7 16
10 17
7 16
10 17
7 16
7 16
10 17
7 16
10 17
7 16
10 17
7 16
10 17
7 16
10 17
7 16
10 17
7 16
10 17
7 16
10 17
7 16
10 17
7 16
7 16
10 17
7 16
10 17
7 16
10 17
7 16
10 17
7 16
10 17
7 16
10 17
7 16
10 17
7 16
10 17
7 16
10 17
7 16
7 16
10 17
7 16
10 17
7 16
10 17
7 16
10 17
7 16
10 17
7 16
10 17
7 16
10 17
7 16
10 17
7 16
10 17
7 16
7 16
10 17
7 16
10 17
7 16
10 17
7 16
10 17
7 16
10 17
7 16
10 17
7 16
10 17
7 16
10 17
7 16
10 17
7 16
7 16
10 17
7 16
10 17
7 16
10 17
7 16
10 17
7 16
10 17
7 16
10 17
7 16
10 17
7 16
10 17
7 16
10 17
7 16
